{
 "cells": [
  {
   "cell_type": "code",
   "execution_count": 9,
   "id": "7e8d6f9c",
   "metadata": {},
   "outputs": [
    {
     "name": "stdout",
     "output_type": "stream",
     "text": [
      "Leyendo archivos...\n",
      "Matriz combinada. Dimensiones: (256, 256)\n",
      "Archivos guardados con éxito.\n"
     ]
    }
   ],
   "source": [
    "import h5py\n",
    "import numpy as np\n",
    "import scipy.io\n",
    "\n",
    "def leer_v73(archivo, var):\n",
    "    with h5py.File(archivo, 'r') as f:\n",
    "        data = f[var]\n",
    "        \n",
    "        # Intentamos acceder a los campos 'real' e 'imag' directamente.\n",
    "        # Si no existen, esto lanzará un KeyError y pasamos al bloque 'except'\n",
    "        # para leer el dato como una matriz normal.\n",
    "        try:\n",
    "            real_part = np.array(data['real']).T\n",
    "            imag_part = np.array(data['imag']).T\n",
    "            return real_part + 1j * imag_part\n",
    "        except (KeyError, ValueError):\n",
    "            # Si 'real'/'imag' no existen, leemos el dataset directamente\n",
    "            return np.array(data).T\n",
    "\n",
    "def procesar_matrices_v73(archivo_real, archivo_imag, nombre_var):\n",
    "    print(\"Leyendo archivos...\")\n",
    "    \n",
    "    # 1. Leer las partes\n",
    "    parte_r = leer_v73(archivo_real, nombre_var)\n",
    "    parte_i = leer_v73(archivo_imag, nombre_var)\n",
    "\n",
    "    # 2. Combinar en complejo\n",
    "    matriz_compleja = parte_r.astype(np.complex128) + 1j * parte_i.astype(np.complex128)\n",
    "    \n",
    "    print(f\"Matriz combinada. Dimensiones: {matriz_compleja.shape}\")\n",
    "\n",
    "    # 3. Guardar\n",
    "    np.save('matriz_final.npy', matriz_compleja)\n",
    "    scipy.io.savemat('matriz_final.mat', {'matriz_resultado': matriz_compleja})\n",
    "    print(\"Archivos guardados con éxito.\")\n",
    "\n",
    "# --- CONFIGURACIÓN ---\n",
    "archivo_r = 'campo02_test.mat'\n",
    "archivo_i = 'campo01_test.mat'\n",
    "nombre_variable = 'beam'\n",
    "\n",
    "if __name__ == \"__main__\":\n",
    "    procesar_matrices_v73(archivo_r, archivo_i, nombre_variable)"
   ]
  },
  {
   "cell_type": "code",
   "execution_count": 20,
   "id": "961eba25",
   "metadata": {},
   "outputs": [
    {
     "name": "stdout",
     "output_type": "stream",
     "text": [
      "{'__header__': b'MATLAB 5.0 MAT-file Platform: posix, Created on: Sat May 23 00:45:28 2026', '__version__': '1.0', '__globals__': [], 'IM': array([[1.38879439e-11, 1.68833953e-11, 2.04933868e-11, ...,\n",
      "        2.04933868e-11, 1.68833953e-11, 1.38879439e-11],\n",
      "       [1.68833953e-11, 2.05249272e-11, 2.49135476e-11, ...,\n",
      "        2.49135476e-11, 2.05249272e-11, 1.68833953e-11],\n",
      "       [2.04933868e-11, 2.49135476e-11, 3.02405386e-11, ...,\n",
      "        3.02405386e-11, 2.49135476e-11, 2.04933868e-11],\n",
      "       ...,\n",
      "       [2.04933868e-11, 2.49135476e-11, 3.02405386e-11, ...,\n",
      "        3.02405386e-11, 2.49135476e-11, 2.04933868e-11],\n",
      "       [1.68833953e-11, 2.05249272e-11, 2.49135476e-11, ...,\n",
      "        2.49135476e-11, 2.05249272e-11, 1.68833953e-11],\n",
      "       [1.38879439e-11, 1.68833953e-11, 2.04933868e-11, ...,\n",
      "        2.04933868e-11, 1.68833953e-11, 1.38879439e-11]])}\n"
     ]
    }
   ],
   "source": [
    "import scipy.io\n",
    "\n",
    "# Cargar el archivo\n",
    "datos = scipy.io.loadmat('gaussian_256.mat')\n",
    "\n",
    "# Acceder a la variable 'beam'\n",
    "matriz_beam = datos\n",
    "\n",
    "print(matriz_beam)"
   ]
  },
  {
   "cell_type": "code",
   "execution_count": 21,
   "id": "0992f116",
   "metadata": {},
   "outputs": [
    {
     "name": "stdout",
     "output_type": "stream",
     "text": [
      "¡Nombre de variable modificado con éxito!\n"
     ]
    }
   ],
   "source": [
    "import scipy.io as sio\n",
    "\n",
    "# 1. Cargar el archivo .mat original\n",
    "nombre_archivo = 'gaussian_256.mat'\n",
    "datos = sio.loadmat(nombre_archivo)\n",
    "\n",
    "# 2. Extraer la matriz de la variable original (asumiendo que se llama 'IM')\n",
    "matriz = datos['IM']\n",
    "\n",
    "# 3. Crear un nuevo diccionario con el nombre de variable que desees\n",
    "# Por ejemplo, cambiaremos 'IM' a 'Perfil_Frentes'\n",
    "nuevos_datos = {'Uo': matriz}\n",
    "\n",
    "# 4. Guardar los datos en un archivo .mat (puedes sobrescribir el original o crear uno nuevo)\n",
    "sio.savemat('gaussian_256.mat', nuevos_datos)\n",
    "\n",
    "print(\"¡Nombre de variable modificado con éxito!\")"
   ]
  }
 ],
 "metadata": {
  "kernelspec": {
   "display_name": "nblab",
   "language": "python",
   "name": "python3"
  },
  "language_info": {
   "codemirror_mode": {
    "name": "ipython",
    "version": 3
   },
   "file_extension": ".py",
   "mimetype": "text/x-python",
   "name": "python",
   "nbconvert_exporter": "python",
   "pygments_lexer": "ipython3",
   "version": "3.8.10"
  }
 },
 "nbformat": 4,
 "nbformat_minor": 5
}
